NAME	elevation	2000	2001	2002	2003	2004	2005	2006	2007	2008	2009	2010	2011	2012	2013	2014	2015	2016	"fast = neg %, slow = pos %"																
ALABAMA	500	100.0	9.4	-0.2	100.0	5.9	-0.9	-0.3	-7.1	-4.2	-3.3	-2.0	-1.0	-1.3	0.1	0.4	0.8	0.9	1107.947202	1124.204098	1129.015778	1131.101956	1143.945378	1138.017603	1143.092192	1133.859888	1118.603867	1119.092364	1111.777282	1107.832558	1105.200577	1104.556684	1105.123458	1101.637753	1105.522247
ALASKA	1900	100.0	100.0	100.0	100.0	100.0	100.0	100.0	2.0	1.1	-3.2	-10.9	-10.3	-10.5	-11.9	-13.1	-12.1	-10.1																	
ARIZONA	4100	100.0	100.0	15.8	100.0	19.4	-16.3	-5.7	-5.0	0.6	3.3	3.0	2.2	3.2	3.0	3.8	3.9	4.1		1018.65	1131.085714		1076.857143	1147.9375	1146.496162	1214.369528	1165.9987	1156.3068	1134.3388	1118.5234	1120.0963	1103.606993	1101.1311	1092.9717	1096.1163
ARKANSAS	650	-13.3	-8.3	-10.6	-9.3	-11.7	-11.0	-9.4	-7.5	-9.6	-14.1	-10.8	-13.8	-10.5	-11.8	-8.7	-5.1	-3.9								1111.164607	1106.513736	1154.523188	1233.406351	1222.280611	1221.34891	1236.518333	1249.85636	1235.37463	1217.4973
CALIFORNIA	2900	6.5	5.5	7.3	7.6	8.4	7.6	8.6	7.8	10.2	11.2	11.3	11.2	10.7	10.7	11.5	11.2	11.8			950.125		922	1323.821587	1208.05303	1190.8046	1112.0529	1082.065934	1078.4731	1082.9638	1069.9307	1071.27952	1063.607792	1058.255245	1060.624476
COLORADO	6800	-0.4	0.0	3.0	100.0	3.9	3.8	0.6	-4.9	3.4	4.3	3.8	4.4	5.4	4.9	5.0	4.6	5.5	1254.994676	1217.329314	1248.544928	1236.153846	1277.70493	1263.538983	1250.088113	1219.377285	1225.436445	1276.9866	1231.946623	1260.308277	1220.8081	1234.3481	1201.3111	1157.8514	1148.9339
CONNECTICUT	500	4.0	5.0	5.2	4.6	6.5	7.6	6.9	7.2	3.7	-2.7	0.9	-3.6	-2.7	0.0	-0.1	0.2	0.2	1036.030266	1062.879592	1047.097346	1044.676083	1048.108	1051.267109	1044.317653	1045.81268	1004.857895	993.4587824	985.7795613	983.485	987.0392216	986.5087737	977.5667	978.3672328	975.2608392
DELAWARE	60	-6.4	-8.7	-13.8	-9.6	-8.0	-8.8	-8.0	-6.7	-13.2	-14.0	-14.2	-15.5	-14.6	-13.5	-17.1	-14.5	-16.0	1112.527158	1124.316701	1094.87167		1099.100644	1094.477543	1136.647433	1189.179405	1080.171628	1070.657585	1069.084951	1059.441077	1045.2896	1050.5027	1049.4019	1051.2997	1044.6392
DISTRICT_OF_COLUMBIA	150	100.0	15.9	100.0	100.0	100.0	100.0	100.0	100.0	-12.8	-16.6	-15.6	-17.4	-16.2	-15.9	-19.2	-19.5	-21.9	1063.355556	1067.646341	1070.436413	1079.233766	1069.508197	1051.57672	1064.124457	1052.053763	1076.851479	1149.488	1101.3447	1147.8158	1134.5978	1104.7296	1105.691964	1099.659285	1103.441816
FLORIDA	100	16.1	100.0	6.2	-6.7	-5.1	-0.8	-5.0	3.7	7.0	7.6	7.6	7.2	6.7	6.9	6.8	5.2	5.8	1178.413684	1221.587436	1284.553077	1239.280375	1235.85974	1238.721284	1234.457971	1209.447179	1266.654766	1275.851114	1270.137754	1279.489812	1266.039286	1253.696005	1294.489508	1261.641238	1282.850364
GEORGIA	600	17.2	100.0	2.3	100.0	-2.6	-1.0	18.2	2.3	4.9	5.5	6.0	6.0	6.1	6.3	6.1	5.1	5.9		946							1261.961111	1304.847279	1285.627513	1300.32575	1284.33699	1280.267297	1316.855604	1316.008715	1347.908222
HAWAII	3030	100.0	100.0	100.0	-4.9	100.0	4.0	-0.9	-2.6	-23.1	4.9	-0.1	-0.6	4.7	0.7	-2.7	-14.6	-23.0	930		1059.168627	1206.690789	1202.7449	1147.1145	1200.286667	1092.3252	1040.7896	1034.436963	1027.1476	1028.588412	1030.943457	1028.107	1030.1299	1044.019	1040.9908
IDAHO	5000	100.0	-4.5	1.1	-0.4	-3.9	0.9	1.1	1.6	1.1	-3.0	-3.9	-1.1	-1.3	-7.1	-0.3	-0.9	0.7	917		1102.866667		1173.784375	1149.043478	935	1107.5627	1064.072	1057.305589	1044.5457	1041.485614	1037.587824	1035.3228	1037.4312	1045.4652	1039.7986
ILLINOIS	600	17.1	16.1	18.3	19.2	13.1	14.8	4.3	9.3	-6.2	-2.4	0.1	5.8	5.3	4.8	5.5	5.0	5.7				1186.666667		1092.645087	1152.890306	1163.417677	1376.968041	1064.25	1112.857143	1114.822222	1053.333333	1097.37439	1135.333168	1262.337263	1359.243568
INDIANA	700	7.3	8.4	9.3	6.8	7.6	9.6	6.9	7.3	-0.4	7.6	8.0	7.7	7.6	7.5	7.6	8.3	8.0		1174.235152	1116.790764	1135.539091	1188.550585	1127.268539	1130.872703	1115.931564	1106.778202	1152.851149	1155.4106	1119.5597	1119.3824	1183.3232	1108.8151	1111.7078	1097.4464
IOWA	1100	4.7	100.0	6.6	7.9	4.8	3.3	6.4	6.6	4.6	1.9	5.6	6.1	6.4	6.0	5.4	5.9	5.7	919	942.7	922	913.5	994.04	969.9705882	1093.635	1028.592857	1187.452982	1146.3631	1110.1697	1043.90969	1046.978	1051.7276	1044.6537	1046.113048	1042.957952
KANSAS	2000	0.6	1.7	1.9	4.0	1.6	1.6	-5.2	-7.1	-2.2	2.3	1.9	2.7	3.4	2.0	2.4	3.3	3.1	1027.24	1030.248851	1023.710857	1054.073756	1057.559884	1029.124623	1064.596774	1051.043421	1122.855	1034.2492	1023.3039	1022.658541	1021.5606	1021.5941	1021.5439	1009.8024	1016.897605
KENTUCKY	750	-5.9	-1.9	-3.2	-5.3	-7.2	-5.8	-10.0	-2.1	1.2	1.5	1.8	2.2	1.6	1.5	1.3	2.1	2.0	1055.835897		1054.247619	1041.767974	1088.550813	1100.576923	1070.473262	1058.766046	1067.296435	1097.9244	1049.312475	1040.4109	1034.0375	1038.14	1044.951745	1036.8286	1042.1183
LOUISIANA	100	100.0	100.0	100.0	100.0	8.5	100.0	12.7	100.0	-15.3	-13.9	-17.2	-8.5	-12.3	-11.4	-10.7	-13.9	-15.8	1101.485772	1105.053815	1108	1085.318563	1125.49397	1119.973051	1202.143111	1214.067143	1143.296	1092.9885	1091.2059	1078.409082	1068.1406	1082.5203	1078.719	1065.4978	1070.826122
MAINE	600	-1.8	-2.4	-8.1	-7.0	-8.6	-9.2	-9.7	-9.9	-13.4	-7.8	-8.4	-9.4	-9.2	-7.3	-7.7	-8.4	-7.6	1172.876127	1145.674799	1165.551324	1191.5781	1226.075598	1204.2881	1257.523298	1157.6321	1105.4473	1102.31	1091.2723	1083.794	1087.132168	1087.61998	1090.9023	1078.827473	1083.699
MARYLAND	350	100.0	12.4	-7.2	12.9	12.8	9.1	13.6	6.8	-12.8	0.8	2.6	2.2	2.4	2.0	1.8	2.9	3.6					1047		998		1290.254795	1274.098618	1302.66862	1201.729592	1241.67313	1230.628283	1223.458161	1254.607692	1280.71194
MASSACHUSETTS	500	8.3	10.7	9.2	10.3	-5.0	-2.1	0.6	0.5	-1.3	4.5	4.5	4.7	5.2	5.9	5.1	5.7	5.1	1127.853512	1151.154179	1220.561649	1210.191454	1242.812333	1242.488434	1254.067706	1245.915928	1268.591795	1206.3944	1205.3214	1212.2163	1206.696204	1185.0587	1190.291	1194.4556	1189.5131
MICHIGAN	900	5.4	4.8	5.3	7.2	5.9	7.6	8.0	6.9	6.3	8.1	8.7	6.9	9.0	8.4	8.5	8.7	8.7		984.6666667	1210.7	985.6666667	998.0166667	1034	988.01875	1056.868627	1261.425692	1109.7624	1083.1487	1083.668	1078.2367	1082.7452	1085.7106	1070.112176	1065.497003
MINNESOTA	1200	4.5	5.7	4.4	8.8	6.5	7.9	8.8	7.6	1.4	5.5	6.3	6.6	6.3	6.1	6.2	5.6	6.3	1016.327059	1004.11875	1025.46	1014.827778	1201.408737	1162.246976	1136.55519	1128.3377	1133.067832	1068.6492	1061.1957	1055.525797	1047.33493	1039.3928	1048.4327	1039.0132	1049.56
MISSISSIPPI	300	-13.9	-18.1	-19.4	-11.6	-11.6	-18.6	-12.8	100.0	-14.3	-11.3	-9.3	-8.8	-9.5	-9.3	-7.1	-6.6	-7.3	1048.39545	1070.583574	1069.226693	1049.618641	1076.323474	1051.583857	1051.928586	1055.504654	1048.1496	1028.0549	1014.8872	1030.9672	1005.981854	1012.3245	1011.321079	1005.7347	1009.1627
MISSOURI	800	14.9	100.0	13.9	9.6	5.6	0.2	2.6	1.9	4.2	4.4	4.9	5.0	4.8	4.7	4.5	4.5	5.0	1058.26	1059.759696	1079.438361	1031.544118	1069.592484	1048.19736	1043.024281	1047.135179	1102.752336	1057.405395	1041.919381	1034.8305	1035.215285	1037.3745	1036.987836	1039.576248	1035.8069
MONTANA	3400	16.6	16.1	100.0	100.0	100.0	100.0	100.0	100.0	100.0	-6.6	2.0	-8.7	-12.4	-15.1	-12.0	-13.1	-15.0	1262.497363	1328.140329	1348.598684	1262.744789	1277.042254	1349.176093	1289.912811		1278.155	1245.9365	1215.3828	1204.9606	1210.353	1207.2693	1183.6581	1174.4603	1185.8391
NEBRASKA	2600	-0.7	0.4	-0.1	2.5	5.9	2.8	3.4	3.4	1.0	-4.6	0.4	-2.9	-5.3	-3.1	-1.4	-0.9	0.7	943.1		971.7666667	1022.9	1079.560241	1136.07035	1113.076868	1112.6246	1071.244	1069.744855	1057.5143	1052.98503	1052.073857	1052.8837	1055.687712	1051.6857	1049.9209
NEVADA	5500	-6.0	-8.5	-6.4	-7.5	-3.2	-6.4	-5.3	-3.9	-5.5	-11.9	-9.3	-12.2	-13.7	-13.9	-10.4	-8.4	-9.3	924.5	943.6								1193.307752	1089.64	1204.720082	1241.776527	1271.245313	1237.867749	1246.304242	1271.896398
NEW_HAMPSHIRE	1000	0.9	3.4	3.7	3.3	4.9	7.7	9.3	7.5	-8.0	-10.6	-10.6	-11.3	-12.5	-9.8	-9.1	-7.2	-6.4	1115.423032	1119.7625	1130.38026	1103.044262	1076.63	1106.477865	1104.353266	1094.786525	1107.24575	1170.6335	1107.150704	1139.6207	1163.5216	1138.2536	1120.7106	1111.859041	1097.9745
NEW_JERSEY	250	-4.2	-0.5	-1.8	-1.3	0.0	4.8	5.9	2.2	7.3	7.6	7.8	7.5	8.0	8.2	8.1	7.7	8.1	1174.486885	1219.637838	1201.63125	1215.813514	1180.424113	1210.76875	1203.836184	1177.858896	1179.707035	1252.628799	1214.986434	1242.558106	1257.012834	1257.594962	1220.4448	1193.7521	1208.2479
NEW_MEXICO	5700	100.0	100.0	100.0	0.7	2.8	2.8	3.2	0.0	-3.6	-7.4	-6.3	-8.7	-4.6	-2.7	-3.5	-4.7	-3.2	1097.591367	1085.65	1086.695035	1093.716547	1088.452555	1050.801389	1037.295652	1048.93625	1208.637042	1237.840899	1229.9779	1232.5698	1243.470867	1212.6912	1205.4979	1181.4538	1176.5932
NEW_YORK	1000	0.3	16.4	16.2	18.8	3.9	5.3	-5.9	2.5	6.3	8.1	7.3	6.7	8.2	8.3	7.7	7.4	8.2	1154.406731	1129.350203	1148.9282	1145.6677	1143.805794	1082.8303	1076.075773	1109.274525	1037.494505	1034.138209	1024.893731	1024.5475	1016.957669	1014.073486	1015.2853	1017.2548	1015.8055
NORTH_CAROLINA	700	1.1	2.5	0.2	-2.1	0.0	-0.8	1.1	-5.7	4.3	5.7	6.1	5.7	5.5	6.5	6.4	5.7	5.3				1122.980831	1111.996	1106.329545	1106.873966	1134.139184	1158.477564	1201.759874	1181.53036	1204.253867	1156.1614	1134.717864	1143.4154	1152.8998	1141.2558
NORTH_DAKOTA	1900	100.0	100.0	-4.4	2.9	-4.3	-6.0	-3.0	-2.6	-8.5	-5.2	-7.9	-8.6	-9.6	-9.8	-9.8	-10.4	-8.5	1104.614213	940.35	945.9	918.5	1099.513488	1077.8314	1210.277496	1105.069	1048.3707	1028.1526	1030.1316	1033.8344	1014.4487	1012.547752	1020.336056	1019.8647	1015.1528
OHIO	850	7.3	8.0	7.7	6.8	7.6	7.3	9.2	-4.0	9.4	9.3	9.4	8.4	9.2	8.9	9.1	9.4	9.4	1095.905011	1096.163588	1126.509827	1154.681317	1143.507718	1147.090251	1130.972965	1198.092555	1070.1859	1055.8519	1043.880299	1045.1586	1044.666034	1032.6536	1034.187649	1038.8918	1046.6459
OKLAHOMA	1300	100.0	-10.2	-1.5	0.5	-2.5	-4.6	-3.1	-1.7	-1.6	-4.7	-5.4	-3.2	-1.3	-3.0	-2.0	0.4	-0.7			1178.599379	1098.1365	1193.635241	1206.364013	1177.727273	1163.507353	1213.575953	1177.218632	1199.474948	1203.515091	1211.143828	1212.566667	1213.827192	1215.995294	1198.995646
OREGON	3300	1.4	3.3	4.5	5.6	4.5	6.8	5.1	5.6	3.3	0.4	1.3	3.0	0.4	4.5	4.8	5.0	4.9	1027.181818	1033.752027	1041.946067	1054.602049	1057.336245	1055.376096	1038.380856	1178.781875	1013.7942	1015.226573	1006.7893	1014.354	1003.246354	1006.7315	1005.0956	998.5514486	1001.923077
PENNSYLVANIA	1100	100.0	100.0	7.7	4.5	6.8	8.2	5.9	-6.1	7.6	8.0	7.8	7.0	7.6	7.7	7.4	7.1	7.9		1238.972696	1146.163405	1124.929286	1172.822519	1190.789286	1178.279175	1153.512766	1136.752083	1171.3978	1171.9559	1143.2012	1120.040759	1138.0737	1127.21978	1096.7082	1113.1337
RHODE_ISLAND	200	100.0	100.0	100.0	100.0	100.0	100.0	6.6	3.8	1.0	-12.6	-12.8	-13.4	-14.9	-13.9	-14.5	-12.9	-12.8	1092.805333	1087.410512	1077.738693	1068.09596	1092.492965	1060.55	1084.609244	1069.885207	1081.642857	1114.0594	1097.4663	1074.1754	1100.8615	1054.888247	1052.0296	1046.8592	1051.455944
SOUTH_CAROLINA	350	100.0	2.2	1.9	100.0	100.0	100.0	13.7	100.0	-0.9	0.5	0.9	1.4	1.1	2.0	2.3	1.5	1.3			1041.842857	1079.95	1065.64375	1045.05	1076.2	1203.500971	1033.101898	1029.1819	1024.65332	1030.4977	1021.574801	1020.035394	1023.0254	1023.7109	1018.345763
SOUTH_DAKOTA	2200	15.9	-0.3	0.4	0.5	-1.2	1.2	3.1	1.5	-2.4	-5.1	-7.9	-6.6	-6.6	-8.9	-10.1	-9.1	-7.8							1067.956522	1090.797842	1106.924405	1260.077465	1254.342535	1256.527954	1269.618776	1258.507379	1265.866557	1243.980246	1247.5339
TENNESSEE	900	100.0	6.8	4.0	3.5	2.1	-15.7	-13.6	-8.9	-0.3	0.2	1.2	1.4	1.2	1.8	2.1	2.1	1.7		1099.821429	1107.968				987		1128.1741	1113.84975	1101.6559	1092.8765	1092.6364	1082.1088	1079.7399	1084.5808	1090.6067
TEXAS	1700	3.0	4.0	1.8	4.8	9.1	4.7	5.0	6.0	8.5	9.6	10.2	10.4	9.2	9.1	10.4	10.0	10.9	932	1127.757637	1124.18895	1125.741714	1157.832692	1124.627954	1107.342286	1117.309459	1145.620879	1175.681049	1199.22371	1181.502584	1178.374608	1203.080836	1216.837913	1201.776	1192.0394
UTAH	6100	17.8	20.3	17.5	100.0	10.1	8.3	11.6	5.9	9.4	-3.1	-8.0	-1.9	-0.1	-9.8	1.3	-1.2	1.4		1048.2	1083.528571	1091.295455	1119.436364	1316.564103	1298.554762	1234.797161	1121.4373	1116.732	1098.5408	1092.4039	1091.5994	1084.9264	1081.445	1078.4348	1086.216683
VERMONT	1000	-6.9	-8.1	-8.0	-11.8	-6.8	-9.8	-17.3	-17.9	-16.4	-14.7	-17.3	-17.5	-21.9	-16.7	-17.1	-16.3	-14.7	1074.958015	1078.898256	1109.051946	1076.98403	1039.744508	1084.560264	1085.816	1066.1047	1023.08008	1011.302597	998.7814	992.547657	1004.045455	1003.615669	990.4775225	991.1403596	984.7175474
VIRGINIA	950	12.7	7.3	-2.4	100.0	100.0	11.9	7.3	-10.7	5.8	6.3	6.7	6.3	6.4	6.7	6.7	6.7	6.9	911	896.5	931.2		1028.771429	1044.002778	1011.033333	1067.516667	1013.209091	1153.518382	1200.491129	1128.3955	1106.459041	1212.372311	1090.3256	1114.5399	1090.0486
WASHINGTON	1700	1.5	4.8	4.0	5.1	7.5	2.7	3.6	3.6	4.7	6.8	5.8	7.4	6.1	7.8	8.0	8.0	7.7	1184.186957	1215.443243	1219.813559	1264.803922	1221.382576	1249.340824	1341.342105	1336.596958	1302.069579	1283.436705	1304.090722	1301.673997	1347.146786	1288.689312	1293.910734	1281.537451	1268.538874
WEST_VIRGINIA	1500	-10.0	-7.3	2.1	0.8	0.1	2.2	-2.6	2.1	-10.9	-12.2	-13.0	-14.8	-13.0	-15.4	-14.8	-14.0	-13.0	966.8444444	1042.178571	1155.971429			1003	1059.26	1255.691346	1053.871357	1048.403472	1037.2289	1038.486169	1034.084776	1030.486282	1030.762028	1027.924	1029.6041
WISCONSIN	1050	4.2	6.0	7.3	7.0	5.5	5.3	6.9	5.3	-0.4	6.2	6.4	6.2	6.4	6.4	6.4	6.4	6.6	1091.724138	1069.941434	1083.417391	1073.001773	1058.517832	1107.854758	1102.476904	1093.10224	1066.581962	1043.2737	1046.961	1026.38951	1037.603996	1018.7951	1016.574	1013.8655	1020.787912
WYOMING	6700	7.2	5.9	-2.8	-4.2	-4.2	-3.1	-4.1	-4.0	-6.3	-10.6	-14.5	-14.6	-12.2	-11.0	-13.2	-12.2	-12.1	1218.330973	1205.907759	1105.073387	1122.185714	1142.630058	1112.802198	1172.361878	1110.591954	1240.036905	1255.849252	1256.045921	1272.199772	1248.852491	1274.900568	1268.881142	1255.788721	1249.0547
																			1061.863747	1056.684223	1046.687726	1051.745926	1081.364578	1077.922871	1064.402609	1073.441929	1123.397534	1050.0801	1040.845309	1038.6979	1034.116484	1033.6594	1034.7566	1030.7728	1032.136
																			1028.39	1057.973333	1160.946114	1178.754369	1191.786667	1173.094712	1189.506	1179.682673	1188.604286	1237.947619	1272.877854	1269.999125	1240.514662	1226.092945	1250.666779	1235.575369	1239.752236
